{
 "cells": [
  {
   "cell_type": "code",
   "execution_count": null,
   "id": "8608d427",
   "metadata": {},
   "outputs": [],
   "source": [
    "лабораторная работа 1\n",
    "выполнила студентка группы бст2002 ибрагимова хамиз магомедовна\n",
    "задание 1"
   ]
  },
  {
   "cell_type": "code",
   "execution_count": 1,
   "id": "4d0ebb34",
   "metadata": {},
   "outputs": [
    {
     "name": "stdout",
     "output_type": "stream",
     "text": [
      "Hello, World!\n"
     ]
    }
   ],
   "source": [
    "print(\"Hello, World!\")"
   ]
  },
  {
   "cell_type": "code",
   "execution_count": null,
   "id": "cc641e07",
   "metadata": {},
   "outputs": [],
   "source": [
    "задание 2"
   ]
  },
  {
   "cell_type": "code",
   "execution_count": 3,
   "id": "5ab6640d",
   "metadata": {},
   "outputs": [
    {
     "name": "stdout",
     "output_type": "stream",
     "text": [
      "m = 7\n",
      "n = 7\n",
      "min_limit = -250\n",
      "max_limit = 1008\n",
      "матрица:\n",
      "[364, 349, 483, 877, 829, -116, -152]\n",
      "[9, 392, 417, 207, 934, 328, -202]\n",
      "[-171, 427, 482, 873, 492, 359, 380]\n",
      "[-138, 158, 631, 361, -201, -210, -64]\n",
      "[32, 541, 139, 403, -63, 416, 337]\n",
      "[491, -168, 387, 32, 203, 114, 951]\n",
      "[441, 759, 157, 108, 212, 807, -103]\n"
     ]
    }
   ],
   "source": [
    "import math\n",
    "import random\n",
    "\n",
    "m  = int(input('m = '))\n",
    "n  = int(input('n = '))\n",
    "if m <= 0:\n",
    "    m = 50\n",
    "if n <= 0:\n",
    "    n = 50\n",
    "\n",
    "min_limit = int(input('min_limit = '))\n",
    "max_limit = int(input('max_limit = '))\n",
    "if min_limit == 0:\n",
    "    min_limit = -250\n",
    "if max_limit == 0:\n",
    "    max_limit = 1008\n",
    "if min_limit > max_limit:\n",
    "    min_limit = -250\n",
    "    max_limit = 1008\n",
    "\n",
    "Matrix = [[random.randint(min_limit, max_limit) for j in range(n)] for i in range(m)]\n",
    "print('матрица:')\n",
    "for i in range(m):\n",
    "    print(Matrix[i])"
   ]
  },
  {
   "cell_type": "code",
   "execution_count": null,
   "id": "ea24cb2f",
   "metadata": {},
   "outputs": [],
   "source": [
    "задание 3"
   ]
  },
  {
   "cell_type": "code",
   "execution_count": 4,
   "id": "2af8ded4",
   "metadata": {},
   "outputs": [
    {
     "name": "stdout",
     "output_type": "stream",
     "text": [
      "m = 7\n",
      "n = 7\n",
      "min_limit = -250\n",
      "max_limit = 1008\n",
      "Матрица:\n",
      "[-82, 272, 697, 276, 509, 428, 225]\n",
      "[640, 46, 426, -213, 1, 84, 867]\n",
      "[-166, 251, -116, -222, -117, 102, -216]\n",
      "[927, -207, 439, 496, 514, 272, -142]\n",
      "[-128, 898, 404, -183, 196, 149, -157]\n",
      "[872, 421, 590, 441, 309, 603, 598]\n",
      "[114, -74, 322, -238, 673, -9, -37]\n",
      "\n",
      "Сортировка выбором:\n",
      "[-82, 225, 272, 276, 428, 509, 697]\n",
      "[-213, 1, 46, 84, 426, 640, 867]\n",
      "[-222, -216, -166, -117, -116, 102, 251]\n",
      "[-207, -142, 272, 439, 496, 514, 927]\n",
      "[-183, -157, -128, 149, 196, 404, 898]\n",
      "[309, 421, 441, 590, 598, 603, 872]\n",
      "[-238, -74, -37, -9, 114, 322, 673]\n",
      "\n",
      "0.002000093460083008 секунд\n",
      "\n",
      "Сортировка вставкой:\n",
      "[-82, 225, 272, 276, 428, 509, 697]\n",
      "[-213, 1, 46, 84, 426, 640, 867]\n",
      "[-222, -216, -166, -117, -116, 102, 251]\n",
      "[-207, -142, 272, 439, 496, 514, 927]\n",
      "[-183, -157, -128, 149, 196, 404, 898]\n",
      "[309, 421, 441, 590, 598, 603, 872]\n",
      "[-238, -74, -37, -9, 114, 322, 673]\n",
      "\n",
      "0.001018524169921875 секунд\n",
      "\n",
      "Сортировка пузырьком:\n",
      "[-82, 225, 272, 276, 428, 509, 697]\n",
      "[-213, 1, 46, 84, 426, 640, 867]\n",
      "[-222, -216, -166, -117, -116, 102, 251]\n",
      "[-207, -142, 272, 439, 496, 514, 927]\n",
      "[-183, -157, -128, 149, 196, 404, 898]\n",
      "[309, 421, 441, 590, 598, 603, 872]\n",
      "[-238, -74, -37, -9, 114, 322, 673]\n",
      "\n",
      "0.0 секунд\n",
      "\n",
      "Сортировка Шелла:\n",
      "[-82, 225, 272, 276, 428, 509, 697]\n",
      "[-213, 1, 46, 84, 426, 640, 867]\n",
      "[-222, -216, -166, -117, -116, 102, 251]\n",
      "[-207, -142, 272, 439, 496, 514, 927]\n",
      "[-183, -157, -128, 149, 196, 404, 898]\n",
      "[309, 421, 441, 590, 598, 603, 872]\n",
      "[-238, -74, -37, -9, 114, 322, 673]\n",
      "\n",
      "0.0040242671966552734 секунд\n",
      "\n",
      "Турнирная сортировка:\n",
      "[-82, 225, 272, 276, 428, 509, 697]\n",
      "[-213, 1, 46, 84, 426, 640, 867]\n",
      "[-222, -216, -166, -117, -116, 102, 251]\n",
      "[-207, -142, 272, 439, 496, 514, 927]\n",
      "[-183, -157, -128, 149, 196, 404, 898]\n",
      "[309, 421, 441, 590, 598, 603, 872]\n",
      "[-238, -74, -37, -9, 114, 322, 673]\n",
      " \n",
      "0.0009996891021728516 секунд\n",
      "\n",
      " \n",
      "Быстрая сортировка: \n",
      "[-82, 225, 272, 276, 428, 509, 697]\n",
      "[-213, 1, 46, 84, 426, 640, 867]\n",
      "[-222, -216, -166, -117, -116, 102, 251]\n",
      "[-207, -142, 272, 439, 496, 514, 927]\n",
      "[-183, -157, -128, 149, 196, 404, 898]\n",
      "[309, 421, 441, 590, 598, 603, 872]\n",
      "[-238, -74, -37, -9, 114, 322, 673]\n",
      " \n",
      "0.0009999275207519531 секунд\n",
      "\n",
      " \n",
      "Пирамидная сортировка:\n",
      "[-82, 225, 272, 276, 428, 509, 697]\n",
      "[-213, 1, 46, 84, 426, 640, 867]\n",
      "[-222, -216, -166, -117, -116, 102, 251]\n",
      "[-207, -142, 272, 439, 496, 514, 927]\n",
      "[-183, -157, -128, 149, 196, 404, 898]\n",
      "[309, 421, 441, 590, 598, 603, 872]\n",
      "[-238, -74, -37, -9, 114, 322, 673]\n",
      "0.002003192901611328 секунд\n",
      " \n",
      " \n",
      "Стандартная сортировка:\n",
      "[-82, 225, 272, 276, 428, 509, 697]\n",
      "[-213, 1, 46, 84, 426, 640, 867]\n",
      "[-222, -216, -166, -117, -116, 102, 251]\n",
      "[-207, -142, 272, 439, 496, 514, 927]\n",
      "[-183, -157, -128, 149, 196, 404, 898]\n",
      "[309, 421, 441, 590, 598, 603, 872]\n",
      "[-238, -74, -37, -9, 114, 322, 673]\n",
      " \n",
      "0.008989572525024414 секунд\n",
      " \n"
     ]
    }
   ],
   "source": [
    "import time\n",
    "import math\n",
    "import random\n",
    "\n",
    "m = input('m = ')\n",
    "n = input('n = ')\n",
    "m = int(m)\n",
    "n = int(n)\n",
    "if m <= 0:\n",
    "    m = 50\n",
    "if n <= 0:\n",
    "    n = 50\n",
    "\n",
    "min_limit = input('min_limit = ')\n",
    "max_limit = input('max_limit = ')\n",
    "min_limit = int(min_limit)\n",
    "max_limit = int(max_limit)\n",
    "if min_limit == 0:\n",
    "    min_limit = -250\n",
    "if max_limit == 0:\n",
    "    max_limit = 1008\n",
    "if min_limit > max_limit:\n",
    "    min_limit = -250\n",
    "    max_limit = 1008\n",
    "\n",
    "Matrix = [[random.randint(min_limit, max_limit) for j in range(n)] for i in range(m)]\n",
    "print('Матрица:')\n",
    "MatrixSel=MatrixIn=MatrixPop=MatrixShell=MatrixTour=MatrixQuick=MatrixPyr=Matrix\n",
    "for i in range(m):\n",
    "    print(Matrix[i])\n",
    "    \n",
    "# Сортировка выбором \n",
    "\n",
    "def selection_sort(array):\n",
    "    for i in range(len(array)):\n",
    "        low_index = i\n",
    "        for j in range(i + 1, len(array)):\n",
    "            if array[j] < array[low_index]:\n",
    "                low_index = j\n",
    "        array[i], array[low_index] = array[low_index], array[i]\n",
    "        \n",
    "start_time = time.time()        \n",
    "print('')\n",
    "print('Сортировка выбором:')\n",
    "for i in range(m):\n",
    "    selection_sort(MatrixSel[i])\n",
    "    print(MatrixSel[i])\n",
    "print('')\n",
    "print(f\"{(time.time() - start_time)} секунд\")    \n",
    "print('')\n",
    "\n",
    "# Сортировка вставкой\n",
    "\n",
    "def insertion_Sort(array):\n",
    "    for i in range(1, len(array)):\n",
    "        key = array[i]\n",
    "        j = i-1\n",
    "        while array[j] > key and j >= 0:\n",
    "            array[j+1] = array[j]\n",
    "            j -= 1\n",
    "        array[j+1] = key\n",
    "    return array \n",
    "\n",
    "start_time = time.time()\n",
    "print('Сортировка вставкой:')\n",
    "for i in range(m):\n",
    "    insertion_Sort(MatrixIn[i])\n",
    "    print(MatrixIn[i])\n",
    "print('')\n",
    "print(f\"{(time.time() - start_time)} секунд\")    \n",
    "print('')\n",
    "\n",
    "# Сортировка пузырьком\n",
    "\n",
    "def bubble_Sort(array):\n",
    "    swapped = False\n",
    "    for i in range(len(array)-1,0,-1):\n",
    "        for j in range(i):\n",
    "            if array[j]>array[j+1]:\n",
    "                array[j], array[j+1] = array[j+1], array[j]\n",
    "                swapped= True\n",
    "        if swapped:\n",
    "            swapped=False\n",
    "        else:\n",
    "            break\n",
    "    return array\n",
    "start_time = time.time()\n",
    "print('Сортировка пузырьком:')\n",
    "for i in range(m):\n",
    "    bubble_Sort(MatrixPop[i])\n",
    "    print(MatrixPop[i])\n",
    "print('')\n",
    "print(f\"{(time.time() - start_time)} секунд\")    \n",
    "print('')\n",
    "\n",
    "# Сортировка Шелла\n",
    "\n",
    "def shell_Sort(array):\n",
    "    n = len(array)\n",
    "    k = int(math.log2(n))\n",
    "    interval = 2**k -1\n",
    "    while interval > 0:\n",
    "        for i in range(interval, n):\n",
    "            temp = array[i]\n",
    "            j = i\n",
    "            while j >= interval and array[j - interval] > temp:\n",
    "                array[j] = array[j - interval]\n",
    "                j -= interval\n",
    "            array[j] = temp\n",
    "        k -= 1\n",
    "        interval = 2**k -1\n",
    "    return array\n",
    "start_time = time.time()\n",
    "print('Сортировка Шелла:')\n",
    "for i in range(m):\n",
    "    shell_Sort(MatrixShell[i])\n",
    "    print(MatrixShell[i])\n",
    "print('')\n",
    "print(f\"{(time.time() - start_time)} секунд\")    \n",
    "print('')\n",
    "\n",
    "# Турнирная сортировка\n",
    "\n",
    "def merge_Sort(nums):\n",
    "    if len(nums)==1:\n",
    "        return nums\n",
    "    mid = (len(nums)-1) // 2\n",
    "    lst1 = merge_Sort(nums[:mid+1])\n",
    "    lst2 = merge_Sort(nums[mid+1:])\n",
    "    result = merge(lst1, lst2)\n",
    "    return result\n",
    "def merge(lst1, lst2):\n",
    "    lst = []\n",
    "    i = 0\n",
    "    j = 0\n",
    "    while(i<=len(lst1)-1 and j<=len(lst2)-1):\n",
    "        if lst1[i]<lst2[j]:\n",
    "            lst.append(lst1[i])\n",
    "            i+=1\n",
    "        else:\n",
    "            lst.append(lst2[j])\n",
    "            j+=1\n",
    "    if i>len(lst1)-1:\n",
    "        while(j<=len(lst2)-1):\n",
    "            lst.append(lst2[j])\n",
    "            j+=1\n",
    "    else:\n",
    "        while(i<=len(lst1)-1):\n",
    "            lst.append(lst1[i])\n",
    "            i+=1\n",
    "    return lst\n",
    "start_time = time.time()\n",
    "print('Турнирная сортировка:')\n",
    "for i in range(m):\n",
    "    merge_Sort(MatrixTour[i])\n",
    "    print(MatrixTour[i])\n",
    "print(' ')\n",
    "print(f\"{(time.time() - start_time)} секунд\")    \n",
    "print('')\n",
    "\n",
    "# Быстрая сортировка\n",
    "\n",
    "def quick_Sort(Matrix):\n",
    "    array = Matrix.copy()\n",
    "    if len(array) < 2:\n",
    "        return array\n",
    "    low = []\n",
    "    same = []\n",
    "    high = []\n",
    "    k = array[random.randint(0, len(array) - 1)]\n",
    "    for item in array:\n",
    "        if item < k:\n",
    "            low.append(item)\n",
    "        elif item == k:\n",
    "            same.append(item)\n",
    "        elif item > k:\n",
    "            high.append(item)\n",
    "    return quick_Sort(low) + same + quick_Sort(high)\n",
    "    \n",
    "start_time = time.time()\n",
    "print(' ')\n",
    "print('Быстрая сортировка: ')\n",
    "for i in range(m):\n",
    "    print(quick_Sort(MatrixQuick[i]))\n",
    "print(' ')\n",
    "print(f\"{(time.time() - start_time)} секунд\")\n",
    "print('')\n",
    "\n",
    "# Пирамидальная сортировка\n",
    "\n",
    "def heapify_Sort(array, n, i):\n",
    "    largest = i\n",
    "    l = 2 * i + 1\n",
    "    r = 2 * i + 2\n",
    "\n",
    "    if l < n and array[i] < array[l]:\n",
    "        largest = l\n",
    "    if r < n and array[largest] < array[r]:\n",
    "        largest = r\n",
    "\n",
    "    if largest != i:\n",
    "        array[i], array[largest] = array[largest], array[i]\n",
    "        heapify_Sort(array, n, largest)\n",
    "def heapSort(array):\n",
    "    n = len(array)\n",
    "    for i in range(n // 2, -1, -1):\n",
    "        heapify_Sort(array, n, i)\n",
    "    for i in range(n - 1, 0, -1):\n",
    "        array[i], array[0] = array[0], array[i]\n",
    "        heapify_Sort(array, i, 0)\n",
    "    return array\n",
    "\n",
    "start_time = time.time()\n",
    "print(' ')\n",
    "print('Пирамидная сортировка:')\n",
    "for i in range(m):\n",
    "    heapSort(MatrixPyr[i])\n",
    "    print(MatrixPyr[i])\n",
    "print(f\"{(time.time() - start_time)} секунд\")\n",
    "print(' ')\n",
    "\n",
    "#Стандартная, встроенная сортировка\n",
    "\n",
    "start_time = time.time()\n",
    "print(' ')\n",
    "print('Стандартная сортировка:')\n",
    "for i in range(m):\n",
    "    sorted(Matrix[i])\n",
    "    print(Matrix[i])\n",
    "print(' ')\n",
    "print(f\"{(time.time() - start_time)} секунд\")\n",
    "print(' ')"
   ]
  },
  {
   "cell_type": "code",
   "execution_count": null,
   "id": "fe042cd0",
   "metadata": {},
   "outputs": [],
   "source": []
  }
 ],
 "metadata": {
  "kernelspec": {
   "display_name": "Python 3 (ipykernel)",
   "language": "python",
   "name": "python3"
  },
  "language_info": {
   "codemirror_mode": {
    "name": "ipython",
    "version": 3
   },
   "file_extension": ".py",
   "mimetype": "text/x-python",
   "name": "python",
   "nbconvert_exporter": "python",
   "pygments_lexer": "ipython3",
   "version": "3.10.2"
  }
 },
 "nbformat": 4,
 "nbformat_minor": 5
}
